-3.352383016781077529e-01 -3.465697738638643943e-01 -3.188064737861204256e-01 -3.518372346800300310e-01 -3.450580539616330822e-01 -3.668671781371041218e-01 -3.643066737857176274e-01 -3.504405987495173846e-01 -3.392324273117948152e-01 -3.546334609921558689e-01 -3.266919334494059468e-01 -3.554957738351007812e-01 -3.690548533966289124e-01 -3.435298479529724780e-01 -3.502260386856609342e-01 -3.402140490250662452e-01 -3.644663081812383743e-01 -3.529926479689232677e-01 -3.488472318533226146e-01 -3.468386843874363690e-01
-3.354897003111115827e-01 -3.468065674445722779e-01 -3.189872570909009220e-01 -3.521127776633562467e-01 -3.453250205921269411e-01 -3.671833567959821853e-01 -3.645970324147564945e-01 -3.507164217236458659e-01 -3.394753577769593633e-01 -3.548991479675249194e-01 -3.268994390815224138e-01 -3.558101322534892863e-01 -3.693747394815981577e-01 -3.437799626803855757e-01 -3.504977407349768037e-01 -3.405008389173435068e-01 -3.647835205546058890e-01 -3.532848048186271184e-01 -3.490971151869998734e-01 -3.471163748669155447e-01
-3.417606754548653814e-01 -3.531344322684270010e-01 -3.253383741235588156e-01 -3.583925354546991793e-01 -3.515974315629188940e-01 -3.734359888987663356e-01 -3.708862528098181288e-01 -3.569976741270262655e-01 -3.457725974111375278e-01 -3.612016168975755170e-01 -3.332250821408395680e-01 -3.620347355490631802e-01 -3.756301045807095562e-01 -3.500851668312689458e-01 -3.567782662124133197e-01 -3.467280021065754503e-01 -3.710366406974202058e-01 -3.595425775389834433e-01 -3.554110799757467798e-01 -3.533774603773941481e-01
-3.335180963265794163e-01 -3.447992061736739333e-01 -3.170870694796419365e-01 -3.500776930919237140e-01 -3.433166576574419593e-01 -3.650870125572731606e-01 -3.625155645220375922e-01 -3.486843199258701786e-01 -3.374915465414411453e-01 -3.528575202699147373e-01 -3.249663504914535594e-01 -3.537534076661442706e-01 -3.672690022326523529e-01 -3.417772155035227466e-01 -3.484690503778425374e-01 -3.385035494651719712e-01 -3.626928082898368544e-01 -3.512411076782316344e-01 -3.470787561339388483e-01 -3.450979833273838948e-01
-3.340916553495869024e-01 -3.453877356199725468e-01 -3.176722699929698246e-01 -3.506575744582158261e-01 -3.438931953945728037e-01 -3.656660810558373664e-01 -3.631012675738594653e-01 -3.492636129473686291e-01 -3.380716130081451443e-01 -3.534430212303815710e-01 -3.255485453351656400e-01 -3.543231056453254313e-01 -3.678491313229717563e-01 -3.423594832314134084e-01 -3.490487709122654936e-01 -3.390693189226450799e-01 -3.632704097585892633e-01 -3.518165960950805915e-01 -3.476648125917316534e-01 -3.456726718374033558e-01
-3.307350642924454243e-01 -3.419584608286397875e-01 -3.143287032484012311e-01 -3.472339107909559464e-01 -3.405001781438380393e-01 -3.621990927007677219e-01 -3.596253100858144980e-01 -3.458417714243195440e-01 -3.346857311703572702e-01 -3.499975375702535918e-01 -3.221915697671795531e-01 -3.509145541414477876e-01 -3.643710844982372965e-01 -3.389503666302725593e-01 -3.456306402714300896e-01 -3.357176414752092719e-01 -3.598099223550278447e-01 -3.483991800507036385e-01 -3.442345403175710028e-01 -3.422773890558322152e-01
-3.321297702357633441e-01 -3.433746494965477791e-01 -3.156740151074375889e-01 -3.486714668295772812e-01 -3.419195765409125953e-01 -3.636796292114041762e-01 -3.610937157303601430e-01 -3.472788174658342775e-01 -3.360875116922887873e-01 -3.514381983580866509e-01 -3.235591143334323738e-01 -3.523695667510665097e-01 -3.658585168161246348e-01 -3.403662050356389135e-01 -3.470636254422403977e-01 -3.371319172801280351e-01 -3.612881431332565785e-01 -3.498442924414710276e-01 -3.456590725413103415e-01 -3.437046070301756351e-01
-3.344615126247029724e-01 -3.457254298741239684e-01 -3.180779502410581161e-01 -3.509832459660649495e-01 -3.442379194906607376e-01 -3.659514447513140256e-01 -3.633929512403917261e-01 -3.495911332513774727e-01 -3.384296956865171513e-01 -3.537607866153396619e-01 -3.259364295872513861e-01 -3.546406462329855791e-01 -3.681276119796910717e-01 -3.427042066686025734e-01 -3.493784832014975028e-01 -3.394280933190635952e-01 -3.635612398658565891e-01 -3.521393029944732134e-01 -3.479973611064796080e-01 -3.460118932823603721e-01
-3.355670464951583387e-01 -3.468950042302387238e-01 -3.191010653828199040e-01 -3.521801662333822747e-01 -3.453956047306960819e-01 -3.672308476732187854e-01 -3.646587691270066767e-01 -3.507834821269712466e-01 -3.395585335418794815e-01 -3.549728292476149738e-01 -3.269998487241581597e-01 -3.558560286416689866e-01 -3.694207099100513259e-01 -3.438601240143409066e-01 -3.505670149658078327e-01 -3.405590035157682327e-01 -3.648299145338446681e-01 -3.533429563385454553e-01 -3.491784913654693012e-01 -3.471814657175031904e-01
-3.337067517594445865e-01 -3.449887258869952511e-01 -3.172337954819657302e-01 -3.502865856542080603e-01 -3.435177170663007429e-01 -3.653219874874852335e-01 -3.627382971679440904e-01 -3.488917846706201531e-01 -3.376791478541300573e-01 -3.530640190958928559e-01 -3.251300949011411423e-01 -3.539806827849811266e-01 -3.675066087416985483e-01 -3.419697577172906566e-01 -3.486755844093383239e-01 -3.387100232653958987e-01 -3.629259562642052628e-01 -3.514573373449902949e-01 -3.472749531068382578e-01 -3.453048729756212909e-01
-3.391804745514527264e-01 -3.505287354902994479e-01 -3.227549022148015201e-01 -3.557921505574380139e-01 -3.490065508315556841e-01 -3.708261404851692644e-01 -3.682704598681926234e-01 -3.543972415363690343e-01 -3.431817611165696724e-01 -3.585933264754081473e-01 -3.306398679624280024e-01 -3.594434782341798251e-01 -3.730167353630478577e-01 -3.474862139359179425e-01 -3.541795988807360240e-01 -3.441525697379749782e-01 -3.684274009599470823e-01 -3.569456155675488906e-01 -3.528059123449588386e-01 -3.507870007635761067e-01
-3.314168629910206887e-01 -3.426668093955529959e-01 -3.150606094993033124e-01 -3.479134572620913857e-01 -3.411790248766108369e-01 -3.628594300257638183e-01 -3.603059833638443954e-01 -3.465214482612030689e-01 -3.353801012617628197e-01 -3.506888524617168268e-01 -3.229063382225821344e-01 -3.515631241740362345e-01 -3.650315527931966564e-01 -3.396456796193123018e-01 -3.463114677109494499e-01 -3.363731547311886172e-01 -3.604691165308157585e-01 -3.490658337888316032e-01 -3.449339809555249103e-01 -3.429488357617114791e-01
-3.308300953385427401e-01 -3.420445177819297355e-01 -3.144420120913677397e-01 -3.473147207055262697e-01 -3.405869816853144827e-01 -3.622661539285604304e-01 -3.596953003936443904e-01 -3.459243678563370117e-01 -3.347777062151868765e-01 -3.500762251671167835e-01 -3.222965117872191865e-01 -3.509912115353413520e-01 -3.644364126417356520e-01 -3.390395335590351000e-01 -3.457124881106667935e-01 -3.358076982757354223e-01 -3.598802185888774208e-01 -3.484788844410707243e-01 -3.443187856317003748e-01 -3.423618302987567197e-01
-3.361399403811505815e-01 -3.474342197298545543e-01 -3.197271951629049314e-01 -3.527005125762509019e-01 -3.459381819386773138e-01 -3.677012749090503019e-01 -3.651394143482211696e-01 -3.513072412819981394e-01 -3.401195052831649246e-01 -3.554857367999529338e-01 -3.276008928814158061e-01 -3.563621398069968249e-01 -3.698836319349711466e-01 -3.444063912765197855e-01 -3.510922614614367943e-01 -3.411145146216259527e-01 -3.653072266781060562e-01 -3.538582630255922012e-01 -3.497101181394738911e-01 -3.477166490084279138e-01
-3.335535977785706319e-01 -3.448422227804453510e-01 -3.171021605683796984e-01 -3.501281330998635699e-01 -3.433609119635548934e-01 -3.651524250395228877e-01 -3.625768671149086630e-01 -3.487333555660913076e-01 -3.375294561129690840e-01 -3.529091958151751585e-01 -3.249905437535227093e-01 -3.538099567606567963e-01 -3.673363291630474259e-01 -3.418187672334404015e-01 -3.485180832380040949e-01 -3.385459788647585677e-01 -3.627560992341600232e-01 -3.512937189225710521e-01 -3.471245165090936502e-01 -3.451448844231083668e-01
-3.333927437275722716e-01 -3.446933882892865286e-01 -3.170230342830820391e-01 -3.499349643223252371e-01 -3.431798510857571594e-01 -3.649096809821443799e-01 -3.623633251097344576e-01 -3.485396877771171908e-01 -3.373763670666484193e-01 -3.527260328516713117e-01 -3.248800815062828917e-01 -3.535731111141075522e-01 -3.670884869440418918e-01 -3.416555354915351006e-01 -3.483297298922087837e-01 -3.383447609065518558e-01 -3.625123319888966522e-01 -3.510817292171116710e-01 -3.469604915338011519e-01 -3.449510099383531481e-01
-3.321156810533685277e-01 -3.433275943502569483e-01 -3.157757512749035933e-01 -3.485764900218978890e-01 -3.418578433244349735e-01 -3.634977485032337419e-01 -3.609402992666805310e-01 -3.471888668267150146e-01 -3.360638561464163176e-01 -3.513400466152060142e-01 -3.236105301136432133e-01 -3.522327997286996970e-01 -3.656653154671257178e-01 -3.403207319286176702e-01 -3.469768875927734531e-01 -3.370736541522463825e-01 -3.611150794708488099e-01 -3.497330535306666377e-01 -3.455945044479937778e-01 -3.436265338040646045e-01
-3.330354021630612671e-01 -3.442971985500200560e-01 -3.166588375158846946e-01 -3.495532245820790473e-01 -3.428096368122530158e-01 -3.645191650889695323e-01 -3.619608359555417376e-01 -3.481616825437028329e-01 -3.370028057338351757e-01 -3.523305106037409318e-01 -3.245140694782577273e-01 -3.532099039196089918e-01 -3.666949680982180548e-01 -3.412763600414940868e-01 -3.479488169840017631e-01 -3.380002082780082517e-01 -3.621289082429406392e-01 -3.507090130549443407e-01 -3.465683544822570905e-01 -3.445828972881873620e-01
-3.350094000943169004e-01 -3.463099969447424042e-01 -3.185413222492738394e-01 -3.516035853430422575e-01 -3.448278727735213378e-01 -3.666462049963754022e-01 -3.640666164771925728e-01 -3.502093690056378716e-01 -3.389895212189876772e-01 -3.543868890056540155e-01 -3.264377356486641291e-01 -3.552910503580904988e-01 -3.688336548761101397e-01 -3.432862817592134963e-01 -3.499913340637840209e-01 -3.400088211711739805e-01 -3.642497763839792069e-01 -3.527719954799798385e-01 -3.485956057717444212e-01 -3.466147494750728697e-01
-3.334050119357365172e-01 -3.446961651567902463e-01 -3.169824775261425587e-01 -3.499666758591812310e-01 -3.432045221548056246e-01 -3.649724734234798262e-01 -3.624070808567635416e-01 -3.485714985631158669e-01 -3.373829276815796807e-01 -3.527507352857399137e-01 -3.248596596007427006e-01 -3.536334804066081916e-01 -3.671542040035051802e-01 -3.416680359242797449e-01 -3.483583927623986054e-01 -3.383834037746683010e-01 -3.625759676025779310e-01 -3.511257145077309461e-01 -3.469731942160560467e-01 -3.449836544935512839e-01
